[0, 0;
 0.1007655160896175, 1.606905669772171e-007;
 0.2015310321773132, 8.034528348819992e-007;
 0.3022965482566806, 2.249667937627916e-006;
 0.4030620643136259, 4.820717008985511e-006;
 0.5038275803232925, 8.83798118235346e-006;
 0.6045930962469862, 1.46228415903581e-005;
 0.7053586120291002, 2.249667936423227e-005;
 0.8061241275940398, 3.278087563292451e-005;
 0.9068896428431478, 4.579681152188941e-005;
 1.007655157651629, 6.186586815151027e-005;
 1.108420671865475, 8.130942663510489e-005;
 1.20918618529839, 0.0001044488680764656;
 1.309951697728716, 0.0001316055735668841;
 1.410717208896356, 0.0001631009241816128;
 1.511482718499699, 0.0001992563009757131;
 1.612248226192549, 0.0002403930849792411;
 1.713013731581045, 0.0002868326571917229;
 1.813779234220587, 0.0003388963985758701;
 1.914544733612764, 0.0003969056900504847;
 2.015310229202277, 0.000461181912482508;
 2.116075720373861, 0.0005320464466781603;
 2.216841206449215, 0.0006098206733731255;
 2.317606686683925, 0.0006948259732217301;
 2.418372160264389, 0.0007873837267850684;
 2.519137626304739, 0.0008878153145180232;
 2.619903083843772, 0.0009964421167551352;
 2.72066853184187, 0.001113585513695271;
 2.821433969177926, 0.001239566885385039;
 2.922199394646273, 0.001374707611700908;
 3.022964806953601, 0.001519329072329978;
 3.123730204715891, 0.001673752646749347;
 3.224495586455332, 0.001838299714204042;
 3.325260950597254, 0.002013291653683443;
 3.426026295467043, 0.002199049843896171;
 3.526791619287076, 0.002395895663243379;
 3.627556920173641, 0.002604150489790396;
 3.728322196133862, 0.00282413570123669;
 3.829087445062626, 0.003056172674884079;
 3.929852664739504, 0.003300582787603157;
 4.030617852825682, 0.003557687415797883;
 4.131383006860883, 0.003827807935368278;
 4.23214812426029, 0.004111265721671187;
 4.332913202311473, 0.004408382149479057;
 4.433678238171317, 0.004719478592936678;
 4.534443228862942, 0.005044876425515836;
 4.635208171272632, 0.00538489701996784;
 4.735973062146758, 0.005739861748273864;
 4.836737898088702, 0.006110091981593056;
 4.937502675555789, 0.006495909090208369;
 5.038267390856203, 0.006897634443470063;
 5.139032040145916, 0.007315589409736827;
 5.239796619425618, 0.007750095356314473;
 5.340561124537633, 0.008201473649392159;
 5.441325551162852, 0.008670045653976079;
 5.542089894817657, 0.009156132733820587;
 5.642854150850842, 0.009660056251356687;
 5.743618314440543, 0.01018213756761787;
 5.844382380591161, 0.01072269804216318;
 5.945146344130289, 0.01128205903299762;
 6.045910199705636, 0.01186054189648956;
 6.146673941781955, 0.01245846798728549;
 6.247437564637963, 0.01307615865822167;
 6.348201062363273, 0.0137139352602329;
 6.448964428855319, 0.01437211914225831;
 6.549727657816275, 0.01505103165114398;
 6.650490742749989, 0.01575099413154256;
 6.751253676958903, 0.01647232792580961;
 6.852016453540983, 0.01721535437389687;
 6.952779065386642, 0.01798039481324212;
 7.053541505175667, 0.01876777057865586;
 7.154303765374144, 0.0195778030022045;
 7.255065838231386, 0.02041081341309031;
 7.355827715776857, 0.02126712313752773;
 7.456589389817101, 0.02214705349861632;
 7.557350851932665, 0.02305092581621006;
 7.658112093475028, 0.02397906140678313;
 7.758873105563524, 0.02493178158329193;
 7.859633879082272, 0.02590940765503353;
 7.960394404677104, 0.02691226092750023;
 8.061154672752485, 0.02794066270223044;
 8.161914673468445, 0.02899493427665564;
 8.262674396737504, 0.03007539694394346;
 8.363433832221601, 0.03118237199283684;
 8.464192969329018, 0.03231618070748914;
 8.564951797211309, 0.03347714436729526;
 8.665710304760228, 0.03466558424671861;
 8.766468480604656, 0.03588182161511402;
 8.867226313107523, 0.03712617773654638;
 8.967983790362744, 0.03839897386960504;
 9.068740900192143, 0.03970053126721403;
 9.169497630142379, 0.04103117117643777;
 9.270253967481876, 0.04239121483828253;
 9.371009899197754, 0.04378098348749341;
 9.471765411992749, 0.04520079835234681;
 9.572520492282148, 0.04665098065443841;
 9.67327512619072, 0.04813185160846652;
 9.774029299549635, 0.04964373242201084;
 9.874782997893403, 0.05118694429530651;
 9.975536206456795, 0.05276180842101347;
 10.07628891017178, 0.05436864598398095;
 10.17704109366444, 0.05600777816100728;
 10.27779274125192, 0.05767952612059465;
 10.37854383693935, 0.05938421102269909;
 10.47929436441676, 0.06112215401847541;
 10.58004430705603, 0.06289367625001711;
 10.68079364790781, 0.06469909885009124;
 10.78154236969845, 0.06653874294186812;
 10.88229045482695, 0.06841292963864593;
 10.98303788536184, 0.07032198004356999;
 11.0837846430382, 0.07226621524934693;
 11.18453070925447, 0.07424595633795336;
 11.28527606506952, 0.07626152438033931;
 11.38602069119945, 0.0783132404361262;
 11.48676456801461, 0.08040142555329932;
 11.58750767553652, 0.08252640076789489;
 11.68824999343475, 0.08468848710368146;
 11.78899150102393, 0.08688800557183576;
 11.88973217726063, 0.08912527717061289;
 11.99047200074029, 0.09140062288501072;
 12.09121094969419, 0.09371436368642867;
 12.19194900198636, 0.09606682053232062;
 12.29268613511053, 0.09845831436584188;
 12.39342232618705, 0.1008891661154904;
 12.49415755195981, 0.1033596966947421;
 12.59489178879323, 0.1058702270016796;
 12.69562501266913, 0.1084210779186161;
 12.79635719918371, 0.1110125703117118;
 12.89708832354449, 0.1136450250305851;
 12.9978183605672, 0.1163187629079171;
 13.09854728467276, 0.1190341047590506;
 13.19927506988422, 0.1217913713815815;
 13.30000168982365, 0.1245908835549452;
 13.40072711770916, 0.1274329620399959;
 13.50145132635174, 0.1303179275785795;
 13.60217428815228, 0.1332461008931004;
 13.70289597509847, 0.136217802686081;
 13.80361635876175, 0.1392333536397156;
 13.90433541029426, 0.142293074415417;
 14.00505310042575, 0.1453972856533563;
 14.10576939946056, 0.1485463079719968;
 14.20648427727454, 0.1517404619676201;
 14.30719770331199, 0.1549800682138461;
 14.40790964658263, 0.1582654472611459;
 14.5086200756585, 0.1615969196363475;
 14.60932895867095, 0.1649748058421351;
 14.71003626330753, 0.1683994263565409;
 14.81074195680899, 0.1718711016324299;
 14.91144600596622, 0.1753901520969779;
 15.01214837711714, 0.1789568981511419;
 15.11284903614371, 0.1825716601691236;
 15.21354794846886, 0.1862347584978254;
 15.3142450790534, 0.1899465134562997;
 15.41494039239304, 0.1937072453351894;
 15.51563385251527, 0.197517274396163;
 15.61632542297636, 0.2013769208713405;
 15.71701506685827, 0.2052865049627128;
 15.81770274676563, 0.2092463468415531;
 15.91838842482269, 0.2132567666478207;
 16.01907206267026, 0.2173180844895578;
 16.11975362146267, 0.2214306204422775;
 16.22043306186474, 0.2255946945483449;
 16.32111034404867, 0.2298106268163502;
 16.42178542769111, 0.2340787372204737;
 16.52245827196999, 0.2383993456998433;
 16.62312883556158, 0.2427727721578839;
 16.72379707663739, 0.2471993364616585;
 16.82446295286114, 0.2516793584412019;
 16.92512642138573, 0.2562131578888457;
 17.0257874388502, 0.2608010545585356;
 17.12644596137666, 0.2654433681651403;
 17.22710194456732, 0.2701404183837521;
 17.32775534350136, 0.2748925248489796;
 17.42840611273199, 0.2797000071542317;
 17.52905420628335, 0.2845631848509932;
 17.62969957764749, 0.2894823774480926;
 17.73034217978135, 0.2944579044109604;
 17.83098196510372, 0.2994900851608799;
 17.93161888549221, 0.3045792390742289;
 18.03225289228021, 0.3097256854817124;
 18.13288393625388, 0.314929743667588;
 18.2335119676491, 0.3201917328688811;
 18.33413693614847, 0.3255119722745921;
 18.43475879087825, 0.3308907810248948;
 18.53537748040536, 0.3363284782103256;
 18.63599295273434, 0.3418253828709643;
 18.73660515530436, 0.3473818139956052;
 18.83721403498614, 0.3529980905209204;
 18.937819538079, 0.3586745313306126;
 19.03842161030778, 0.3644114552545603;
 19.13902019681984, 0.3702091810679523;
 19.23961524218208, 0.3760680274904147;
 19.34020669037787, 0.3819883131851271;
 19.44079448480406, 0.3879703567579308;
 19.54137856826798, 0.3940144767564266;
 19.6419588829844, 0.4001209916690642;
 19.74253537057254, 0.4062902199242215;
 19.84310797205307, 0.4125224798892748;
 19.94367662784506, 0.4188180898696589;
 20.04424127776301, 0.4251773681079189;
 20.14480186101386, 0.4316006327827509;
 20.24535831619392, 0.4380882020080341;
 20.34591058128594, 0.4446403938318525;
 20.44645859365608, 0.4512575262355076;
 20.54700229005089, 0.4579399171325207;
 20.64754160659436, 0.4646878843676253;
 20.74807647878486, 0.4715017457157504;
 20.84860684149222, 0.4783818188809929;
 20.94913262895468, 0.4853284214955805;
 21.04965377477592, 0.4923418711188247;
 21.15017021192207, 0.4994224852360635;
 21.25068187271871, 0.5065705812575938;
 21.35118868884792, 0.5137864765175941;
 21.45169059134523, 0.5210704882730368;
 21.55218751059671, 0.5284229337025899;
 21.65267937633594, 0.5358441299055088;
 21.75316611764103, 0.5433343939005177;
 21.8536476629317, 0.5508940426246807;
 21.95412393996622, 0.5585233929322615;
 22.05459487583849, 0.5662227615935743;
 22.15506039697506, 0.573992465293823;
 22.25552042913216, 0.5818328206319294;
 22.35597489739271, 0.5897441441193526;
 22.45642372616339, 0.5977267521788954;
 22.55686683917163, 0.6057809611435018;
 22.65730415946271, 0.6139070872550431;
 22.75773560939673, 0.6221054466630926;
 22.85816111064569, 0.6303763554236906;
 22.95858058419056, 0.6387201294980976;
 23.05899395031825, 0.6471370847515369;
 23.15940112861874, 0.6556275369519257;
 23.25980203798206, 0.6641918017685965;
 23.36019659659541, 0.6728301947710057;
 23.46058472194015, 0.6815430314274323;
 23.5609663307889, 0.6903306271036648;
 23.66134133920259, 0.699193297061677;
 23.76170966252751, 0.7081313564582931;
 23.86207121539238, 0.7171451203438402;
 23.96242591170543, 0.7262349036607908;
 24.06277366465143, 0.7354010212423934;
 24.16311438668883, 0.744643787811291;
 24.26344798954674, 0.7539635179781294;
 24.3637743842221, 0.7633605262401526;
 24.4640934809767, 0.7728351269797876;
 24.56440518933426, 0.7823876344632172;
 24.66470941807754, 0.7920183628389413;
 24.76500607524544, 0.801727626136326;
 24.86529506813004, 0.8115157382641414;
 24.96557630327371, 0.8213830130090877;
 25.06584968646623, 0.831329764034309;
 25.16611512274188, 0.8413563048778957;
 25.26637254861007, 0.8514626291907925;
 25.36662193307231, 0.8616484108384896;
 25.46686324589542, 0.8719133237135057;
 25.56709645760839, 0.8822570417362814;
 25.66732153949925, 0.8926792388560604;
 25.7675384636119, 0.9031795890517588;
 25.86774720274299, 0.9137577663328216;
 25.96794773043878, 0.9244134447400679;
 26.06814002099197, 0.9351462983465236;
 26.16832404943859, 0.9459560012582424;
 26.26849979155483, 0.9568422276151146;
 26.36866722385392, 0.9678046515916645;
 26.46882632358294, 0.9788429473978356;
 26.56897706871974, 0.9899567892797643;
 26.66911943796975, 1.001145851520541;
 26.76925341076284, 1.012409808440963;
 26.8693789672502, 1.023748334400269;
 26.96949608830116, 1.035161103796868;
 27.06960475550007, 1.046647791069058;
 27.16970495114317, 1.058208070695725;
 27.26979665823539, 1.069841617197038;
 27.36987986048726, 1.081548105135133;
 27.46995454231173, 1.093327209114776;
 27.57002068882106, 1.10517860378403;
 27.67007828582364, 1.117101963834898;
 27.77012731982086, 1.129096964003958;
 27.87016777800397, 1.141163279072994;
 27.97019964825094, 1.153300583869605;
 28.0702229191233, 1.16550855326781;
 28.170237579863, 1.177786862188641;
 28.27024362038928, 1.190135185600725;
 28.37024103129551, 1.202553198520851;
 28.47022980384604, 1.215040576014535;
 28.57020992997311, 1.227596993196564;
 28.67018140227362, 1.24022212523154;
 28.77014421400607, 1.2529156473344;
 28.87009835908737, 1.26567723477094;
 28.97004383208969, 1.27850656285832;
 29.06998062823739, 1.291403306965557;
 29.16990874340377, 1.304367142514013;
 29.26982817410802, 1.31739774497787;
 29.36973891751204, 1.330494789884595;
 29.4696409714173, 1.343657952815394;
 29.56953433426172, 1.356886909405656;
 29.66941900511649, 1.370181335345387;
 29.76929498368298, 1.383540906379637;
 29.86916227028956, 1.396965298308908;
 29.96902086588851, 1.410454186989564;
 30.06887077205281, 1.42400724833422;
 30.16871199097309, 1.437624158312129;
 30.26854452545441, 1.451304592949553;
 30.36836837891318, 1.465048228330132;
 30.46818355537401, 1.478854740595233;
 30.56799005946656, 1.492723805944296;
 30.66778789642242, 1.506655100635172;
 30.76757707207197, 1.520648300984445;
 30.86735759284126, 1.534703083367749;
 30.96712946574885, 1.548819124220071;
 31.0668926984027, 1.562996100036055;
 31.16664729899703, 1.57723368737028;
 31.26639327630917, 1.591531562837546;
 31.36613063969649, 1.605889403113136;
 31.46585939909319, 1.62030688493308;
 31.56557956500722, 1.6347836850944;
 31.66529114851715, 1.649319480455357;
 31.76499416126901, 1.663913947935677;
 31.86468861547321, 1.678566764516774;
 31.96437452390137, 1.69327760724197;
 32.06405189988322, 1.708046153216688;
 32.16372075730344, 1.72287207960866;
 32.26338111059859, 1.737755063648104;
 32.36303297475394, 1.752694782627907;
 32.46267636530038, 1.76769091390379;
 32.56231129831124, 1.782743134894475;
 32.66193779039926, 1.797851123081828;
 32.76155585871337, 1.813014556011008;
 32.86116552093564, 1.8282331112906;
 32.96076679527813, 1.84350646659274;
 33.06035970047977, 1.858834299653232;
 33.15994425580325, 1.874216288271658;
 33.25952048103191, 1.889652110311477;
 33.35908839646659, 1.905141443700122;
 33.45864802292256, 1.920683966429075;
 33.55819938172638, 1.93627935655395;
 33.65774249471276, 1.95192729219456;
 33.7572773842215, 1.967627451534971;
 33.85680407309435, 1.983379512823559;
 33.95632258467189, 1.999183154373049;
 34.05583294279041, 2.015038054560556;
 34.15533517177884, 2.030943891827603;
 34.25482929645562, 2.04690034468015;
 34.35431534212555, 2.062907091688599;
 34.45379333457676, 2.078963811487801;
 34.55326330007753, 2.095070182777051;
 34.65272526537324, 2.111225884320076;
 34.75217925768323, 2.127430594945015;
 34.85162530469769, 2.143683993544395;
 34.95106343457459, 2.159985759075095;
 35.05049367593654, 2.176335570558302;
 35.14991605786773, 2.192733107079464;
 35.24933060991076, 2.209178047788235;
 35.34873736206364, 2.225670071898406;
 35.44813634477657, 2.242208858687836;
 35.54752758894896, 2.258794087498376;
 35.64691112592624, 2.275425437735779;
 35.7462869874968, 2.29210258886961;
 35.84565520588892, 2.308825220433145;
 35.94501581376761, 2.325593012023264;
 36.04436884423158, 2.342405643300335;
 36.1437143308101, 2.359262793988097;
 36.24305230745993, 2.37616414387353;
 36.34238280856224, 2.393109372806719;
 36.44170586891946, 2.410098160700715;
 36.54102152375229, 2.427130187531384;
 36.64032980869649, 2.444205133337255;
 36.7396307597999, 2.461322678219357;
 36.83892441351929, 2.478482502341051;
 36.93821080671727, 2.495684285927854;
 37.03748997665927, 2.51292770926726;
 37.13676196101035, 2.530212452708551;
 37.23602679783222, 2.547538196662603;
 37.33528452558007, 2.564904621601688;
 37.43453518309957, 2.582311408059263;
 37.53377880962372, 2.599758236629759;
 37.6330154447698, 2.617244787968364;
 37.73224512853627, 2.634770742790796;
 37.83146790129974, 2.652335781873071;
 37.93068380381183, 2.669939586051265;
 38.02989287719613, 2.687581836221274;
 38.12909516294512, 2.705262213338561;
 38.22829070291707, 2.722980398417905;
 38.32747953933301, 2.740736072533133;
 38.42666171477359, 2.758528916816859;
 38.52583727217611, 2.776358612460213;
 38.62500625483131, 2.794224840712555;
 38.72416870638043, 2.812127282881196;
 38.82332467081205, 2.83006562033111;
 38.92247419245908, 2.848039534484636;
 39.02161731599563, 2.866048706821175;
 39.12075408643402, 2.884092818876891;
 39.21988454912163, 2.902171552244393;
 39.31900874973789, 2.920284588572423;
 39.41812673429119, 2.938431609565527;
 39.51723854911584, 2.956612296983735;
 39.61634424086896, 2.974826332642226;
 39.71544385652746, 2.993073398410987;
 39.81453744338497, 3.011353176214475;
 39.91362504904878, 3.029665348031264;
 40.01270672143673, 3.048009595893698;
 40.11178250877424, 3.066385601887528;
 40.21085245959117, 3.084793048151549;
 40.30991662271882, 3.103231616877237;
 40.40897504728682, 3.121700990308373;
 40.50802778272011, 3.140200850740665;
 40.60707487873589, 3.158730880521369;
 40.70611638534054, 3.177290762048901;
 40.80515235282655, 3.195880177772442;
 40.90418283176952, 3.214498810191549;
 41.00320787302508, 3.23314634185575;
 41.10222752772582, 3.251822455364139;
 41.20124184727828, 3.270526833364969;
 41.30025088335983, 3.289259158555237;
 41.39925468791572, 3.308019113680267;
 41.49825331315593, 3.326806381533286;
 41.59724681155219, 3.345620644954998;
 41.69623523583491, 3.364461586833154;
 41.79521863899014, 3.383328890102118;
 41.89419707425649, 3.402222237742427;
 41.99317059512214, 3.421141312780347;
 42.09213925532174, 3.440085798287427;
 42.19110310883342, 3.45905537738005;
 42.29006220987571, 3.478049733218975;
 42.38901661290448, 3.497068549008881;
 42.48796637260998, 3.516111507997903;
 42.58691154391369, 3.535178293477168;
 42.68585218196536, 3.554268588780322;
 42.78478834213993, 3.573382077283058;
 42.88372008003451, 3.592518442402642;
 42.98264745146535, 3.611677367597427;
 43.08157051246474, 3.630858536366374;
 43.18048931927807, 3.650061632248558;
 43.27940392836072, 3.669286338822686;
 43.37831439637503, 3.688532339706595;
 43.4772207801873, 3.707799318556758;
 43.57612313686473, 3.727086959067782;
 43.6750215236724, 3.746394944971904;
 43.77391599807021, 3.765722960038487;
 43.87280661770987, 3.785070688073503;
 43.97169344043186, 3.804437812919026;
 44.07057652426241, 3.823824018452712;
 44.16945592741043, 3.84322898858728;
 44.26833170826453, 3.862652407269992;
 44.36720392538997, 3.882093958482126;
 44.46607263752559, 3.901553326238447;
 44.56493790358086, 3.921030194586679;
 44.66379978263277, 3.94052424760697;
 44.76265833392286, 3.960035169411355;
 44.86151361685417, 3.979562644143218;
 44.96036569098821, 3.999106355976754;
 45.05921461604192, 4.018665989116418;
 45.15806045188469, 4.038241227796385;
 45.25690325853527, 4.057831756279998;
 45.35574309615882, 4.077437258859219;
 45.4545800250638, 4.097057419854075;
 45.55341410569902, 4.116691923612097;
 45.65224539865056, 4.136340454507772;
 45.7510739646388, 4.156002696941975;
 45.84989986451534, 4.175678335341408;
 45.94872315926001, 4.195367054158037;
 46.04754390997785, 4.215068537868527;
 46.14636217789608, 4.234782470973669;
 46.24517802436107, 4.254508537997813;
 46.34399151083532, 4.274246423488296;
 46.44280269889447, 4.293995812014864;
 46.54161165022422, 4.313756388169101;
 46.64041842661737, 4.333527836563849;
 46.73922308997077, 4.353309841832625;
 46.8380257022823, 4.373102088629048;
 46.93682632564786, 4.392904261626248;
 47.03562502225832, 4.412716045516287;
 47.13442185439657, 4.432537125009571;
 47.23321688443443, 4.452367184834262;
 47.33201017482968, 4.472205909735694;
 47.43080178812298, 4.492052984475774;
 47.52959178693496, 4.511908093832401;
 47.62838023396307, 4.531770922598867;
 47.72716719197869, 4.551641155583264;
 47.825952723824, 4.571518477607888;
 47.92473689240907, 4.591402573508646;
 48.02351976070874, 4.611293128134459;
 48.12230139175968, 4.631189826346656;
 48.22108184865736, 4.651092353018386;
 48.319861194553, 4.67100039303401;
 48.41863949265057, 4.690913631288501;
 48.51741680620381, 4.710831752686843;
 48.61619319851315, 4.730754442143431;
 48.71496873292276, 4.750681384581463;
 48.81374347281749, 4.770612264932337;
 48.91251748161987, 4.790546768135048;
 49.01129082278711, 4.81048457913558;
 49.11006355980805, 4.830425382886302;
 49.20883575620018, 4.850368864345361;
 49.3076074755066, 4.870314708476075;
 49.40637878129302, 4.890262600246325;
 49.50514973714476, 4.910212224627947;
 49.60392040666368, 4.930163266596126;
 49.70269085346525, 4.950115411128786;
 49.80146114117545, 4.970068343205982;
 49.90023133342782, 4.990021747809291;
 49.99900149386041, 5.009975309921201;
 50.09777168611277, 5.02992871452451;
 50.19654197382297, 5.049881646601706;
 50.29531242062454, 5.069833791134366;
 50.39408309014347, 5.089784833102545;
 50.4928540459952, 5.109734457484167;
 50.59162535178162, 5.129682349254417;
 50.69039707108804, 5.149628193385131;
 50.78916926748017, 5.16957167484419;
 50.88794200450111, 5.189512478594912;
 50.98671534566835, 5.209450289595444;
 51.08548935447074, 5.229384792798155;
 51.18426409436547, 5.249315673149029;
 51.28303962877508, 5.269242615587061;
 51.38181602108442, 5.289165305043649;
 51.48059333463765, 5.309083426441991;
 51.57937163273522, 5.328996664696482;
 51.67815097863086, 5.348904704712106;
 51.77693143552854, 5.368807231383836;
 51.87571306657949, 5.388703929596034;
 51.97449593487916, 5.408594484221846;
 52.07328010346422, 5.428478580122604;
 52.17206563530954, 5.448355902147228;
 52.27085259332515, 5.468226135131625;
 52.36964104035327, 5.488088963898091;
 52.46843103916524, 5.507944073254718;
 52.56722265245855, 5.527791147994798;
 52.66601594285379, 5.54762987289623;
 52.76481097289165, 5.567459932720921;
 52.8636078050299, 5.587281012214205;
 52.96240650164037, 5.607092796104244;
 53.06120712500592, 5.626894969101444;
 53.16000973731745, 5.646687215897867;
 53.25881440067085, 5.666469221166643;
 53.357621177064, 5.686240669561391;
 53.45643012839376, 5.706001245715628;
 53.5552413164529, 5.725750634242196;
 53.65405480292716, 5.745488519732679;
 53.75287064939214, 5.765214586756823;
 53.85168891731037, 5.784928519861965;
 53.95050966802821, 5.804630003572455;
 54.04933296277289, 5.824318722389084;
 54.14815886264942, 5.843994360788517;
 54.24698742863766, 5.86365660322272;
 54.3458187215892, 5.883305134118395;
 54.44465280222443, 5.902939637876417;
 54.54348973112941, 5.922559798871273;
 54.64232956875295, 5.942165301450494;
 54.74117237540354, 5.961755829934107;
 54.8400182112463, 5.981331068614074;
 54.93886713630002, 6.000890701753738;
 55.03771921043406, 6.020434413587274;
 55.13657449336537, 6.039961888319137;
 55.23543304465546, 6.059472810123522;
 55.33429492370737, 6.078966863143812;
 55.43316018976263, 6.098443731492044;
 55.53202890189826, 6.117903099248365;
 55.63090111902369, 6.137344650460499;
 55.72977689987779, 6.156768069143212;
 55.82865630302582, 6.17617303927778;
 55.92753938685636, 6.195559244811466;
 56.02642620957835, 6.214926369656989;
 56.12531682921802, 6.234274097692005;
 56.22421130361582, 6.253602112758587;
 56.32310969042349, 6.27291009866271;
 56.42201204710093, 6.292197739173735;
 56.5209184309132, 6.311464718023897;
 56.61982889892751, 6.330710718907806;
 56.71874350801015, 6.349935425481934;
 56.81766231482348, 6.369138521364118;
 56.91658537582288, 6.388319690133064;
 57.01551274725371, 6.407478615327849;
 57.11444448514829, 6.426614980447432;
 57.21338064532286, 6.445728468950169;
 57.31232128337453, 6.464818764253323;
 57.41126645467824, 6.483885549732587;
 57.51021621438374, 6.50292850872161;
 57.60917061741252, 6.521947324511515;
 57.7081297184548, 6.54094168035044;
 57.80709357196648, 6.559911259443063;
 57.90606223216609, 6.578855744950143;
 58.00503575303173, 6.597774819988063;
 58.10401418829809, 6.616668167628371;
 58.20299759145331, 6.635535470897336;
 58.30198601573603, 6.654376412775493;
 58.4009795141323, 6.673190676197205;
 58.49997813937251, 6.691977944050223;
 58.59898194392839, 6.710737899175253;
 58.69799098000995, 6.729470224365522;
 58.7970052995624, 6.748174602366352;
 58.89602495426315, 6.766850715874741;
 58.99504999551871, 6.785498247538941;
 59.09408047446168, 6.804116879958048;
 59.19311644194769, 6.82270629568159;
 59.29215794855233, 6.841266177209121;
 59.39120504456811, 6.859796206989826;
 59.49025778000141, 6.878296067422118;
 59.58931620456941, 6.896765440853255;
 59.68838036769705, 6.915204009578943;
 59.78745031851398, 6.933611455842964;
 59.8865261058515, 6.951987461836794;
 59.98560777823945, 6.970331709699227;
 60.08469538390325, 6.988643881516017;
 60.18378897076077, 7.006923659319505;
 60.28288858641927, 7.025170725088267;
 60.38199427817239, 7.043384760746758;
 60.48110609299703, 7.061565448164966;
 60.58022407755033, 7.07971246915807;
 60.67934827816659, 7.0978255054861;
 60.7784787408542, 7.115904238853602;
 60.87761551129259, 7.133948350909319;
 60.97675863482915, 7.151957523245859;
 61.07590815647617, 7.169931437399383;
 61.1750641209078, 7.187869774849298;
 61.27422657245692, 7.205772217017939;
 61.37339555511212, 7.22363844527028;
 61.47257111251463, 7.241468140913634;
 61.57175328795522, 7.259260985197361;
 61.67094212437115, 7.277016659312589;
 61.7701376643431, 7.294734844391932;
 61.86933995009209, 7.31241522150922;
 61.96854902347639, 7.330057471679229;
 62.06776492598848, 7.347661275857424;
 62.16698769875195, 7.365226314939698;
 62.26621738251843, 7.38275226976213;
 62.3654540176645, 7.400238821100736;
 62.46469764418865, 7.417685649671232;
 62.56394830170815, 7.435092436128807;
 62.66320602945601, 7.452458861067892;
 62.76247086627787, 7.469784605021944;
 62.86174285062896, 7.487069348463235;
 62.96102202057095, 7.504312771802641;
 63.06030841376894, 7.521514555389444;
 63.15960206748832, 7.538674379511138;
 63.25890301859173, 7.555791924393239;
 63.35821130353594, 7.57286687019911;
 63.45752695836876, 7.589898897029779;
 63.55685001872599, 7.606887684923775;
 63.65618051982829, 7.623832913856964;
 63.75551849647813, 7.640734263742396;
 63.85486398305665, 7.657591414430159;
 63.95421701352061, 7.67440404570723;
 64.0535776213993, 7.691171837297349;
 64.15294583979141, 7.707894468860884;
 64.25232170136198, 7.724571619994715;
 64.35170523833925, 7.741202970232118;
 64.45109648251163, 7.757788199042658;
 64.55049546522457, 7.774326985832087;
 64.64990221737745, 7.790819009942258;
 64.74931676942049, 7.807263950651028;
 64.84873915135167, 7.823661487172191;
 64.94816939271362, 7.840011298655398;
 65.04760752259053, 7.856313064186097;
 65.14705356960499, 7.872566462785477;
 65.24650756191498, 7.888771173410417;
 65.3459695272107, 7.904926874953441;
 65.44543949271147, 7.921033246242691;
 65.54491748516269, 7.937089966041893;
 65.64440353083262, 7.953096713050342;
 65.74389765550939, 7.969053165902889;
 65.84339988449783, 7.984959003169936;
 65.94291024261635, 8.000813903357443;
 66.04242875419388, 8.016617544906934;
 66.14195544306674, 8.032369606195521;
 66.24149033257548, 8.048069765535933;
 66.34103344556186, 8.063717701176543;
 66.44058480436567, 8.079313091301419;
 66.54014443082164, 8.094855614030372;
 66.63971234625633, 8.110344947419016;
 66.73928857148499, 8.125780769458835;
 66.83887312680847, 8.141162758077261;
 66.9384660320101, 8.156490591137752;
 67.03806730635259, 8.171763946439892;
 67.13767696857485, 8.186982501719484;
 67.23729503688897, 8.202145934648664;
 67.33692152897699, 8.217253922836017;
 67.43655646198786, 8.232306143826701;
 67.5361998525343, 8.247302275102586;
 67.63585171668964, 8.262241994082388;
 67.73551206998479, 8.277124978121831;
 67.83518092740502, 8.291950904513803;
 67.93485830338686, 8.306719450488521;
 68.03454421181502, 8.321430293213716;
 68.13423866601922, 8.336083109794814;
 68.23394167877108, 8.350677577275134;
 68.333653262281, 8.36521337263609;
 68.43337342819504, 8.37969017279741;
 68.53310218759174, 8.394107654617354;
 68.63283955097906, 8.408465494892944;
 68.73258552829121, 8.42276337036021;
 68.83234012888553, 8.437000957694435;
 68.93210336153938, 8.451177933510419;
 69.03187523444697, 8.465293974362741;
 69.13165575521626, 8.479348756746044;
 69.23144493086582, 8.493341957095316;
 69.33124276782168, 8.507273251786192;
 69.43104927191423, 8.521142317135254;
 69.53086444837506, 8.534948829400355;
 69.63068830183383, 8.548692464780933;
 69.73052083631515, 8.562372899418358;
 69.83036205523543, 8.575989809396267;
 69.93021196139974, 8.589542870740923;
 70.03007055699868, 8.603031759421578;
 70.12993784360526, 8.61645615135085;
 70.22981382217175, 8.6298157223851;
 70.32969849302651, 8.643110148324832;
 70.42959185587093, 8.656339104915093;
 70.52949390977619, 8.669502267845891;
 70.62940465318022, 8.682599312752616;
 70.72932408388446, 8.695629915216474;
 70.82925219905084, 8.70859375076493;
 70.92918899519853, 8.721490494872166;
 71.02913446820085, 8.734319822959545;
 71.12908861328215, 8.747081410396087;
 71.2290514250146, 8.759774932498946;
 71.32902289731511, 8.772400064533921;
 71.42900302344218, 8.78495648171595;
 71.52899179599271, 8.797443859209635;
 71.62898920689894, 8.80986187212976;
 71.72899524742522, 8.822210195541844;
 71.82900990816492, 8.834488504462675;
 71.92903317903728, 8.846696473860879;
 72.02906504928424, 8.858833778657489;
 72.12910550746736, 8.870900093726526;
 72.22915454146458, 8.882895093895586;
 72.32921213846716, 8.894818453946453;
 72.42927828497649, 8.906669848615707;
 72.52935296680096, 8.91844895259535;
 72.62943616905282, 8.930155440533444;
 72.72952787614504, 8.941788987034757;
 72.82962807178814, 8.953349266661423;
 72.92973673898706, 8.964835953933612;
 73.02985386003802, 8.976248723330212;
 73.12997941652537, 8.987587249289517;
 73.23011338931846, 8.998851206209938;
 73.33025575856847, 9.010040268450716;
 73.43040650370527, 9.021154110332645;
 73.5305656034343, 9.032192406138817;
 73.63073303573339, 9.043154830115366;
 73.73090877784962, 9.054041056472238;
 73.83109280629624, 9.064850759383957;
 73.93128509684944, 9.075583612990412;
 74.03148562454523, 9.086239291397659;
 74.13169436367632, 9.096817468678722;
 74.23191128778896, 9.107317818874421;
 74.33213636967982, 9.117740015994199;
 74.43236958139279, 9.128083734016975;
 74.53261089421591, 9.138348646891991;
 74.63286027867815, 9.148534428539689;
 74.73311770454635, 9.158640752852586;
 74.83338314082198, 9.168667293696172;
 74.93365652401451, 9.178614044721394;
 75.03393775915818, 9.188481319466341;
 75.13422675204278, 9.198269431594156;
 75.23452340921068, 9.207978694891541;
 75.33482763795396, 9.217609423267264;
 75.43513934631152, 9.227161930750693;
 75.53545844306611, 9.236636531490328;
 75.63578483774147, 9.246033539752352;
 75.73611844059938, 9.255353269919191;
 75.83645916263679, 9.264596036488088;
 75.93680691558279, 9.27376215406969;
 76.03716161189584, 9.28285193738664;
 76.13752316476071, 9.291865701272187;
 76.23789148808562, 9.300803760668803;
 76.33826649649932, 9.309666430626814;
 76.43864810534807, 9.318454026303046;
 76.5390362306928, 9.327166862959473;
 76.63943078930615, 9.335805255961882;
 76.73983169866948, 9.344369520778553;
 76.84023887696996, 9.352859972978942;
 76.94065224309766, 9.361276928232382;
 77.04107171664252, 9.369620702306788;
 77.14149721789148, 9.377891611067387;
 77.24192866782551, 9.386089970475437;
 77.34236598811658, 9.394216096586979;
 77.44280910112482, 9.402270305551586;
 77.5432579298955, 9.410252913611128;
 77.64371239815606, 9.418164237098551;
 77.74417243031316, 9.426004592436659;
 77.84463795144973, 9.433774296136907;
 77.94510888732199, 9.44147366479822;
 78.04558516435651, 9.4491030151058;
 78.14606670964717, 9.456662663829963;
 78.24655345095228, 9.464152927824973;
 78.34704531669151, 9.471574124027892;
 78.44754223594299, 9.478926569457446;
 78.5480441384403, 9.486210581212889;
 78.6485509545695, 9.493426476472889;
 78.74906261536614, 9.50057457249442;
 78.8495790525123, 9.507655186611659;
 78.95010019833353, 9.514668636234903;
 79.05062598579599, 9.52161523884949;
 79.15115634850335, 9.528495312014732;
 79.25169122069386, 9.535309173362856;
 79.35223053723732, 9.542057140597962;
 79.45277423363213, 9.548739531494974;
 79.55332224600227, 9.555356663898628;
 79.65387451109429, 9.561908855722447;
 79.75443096627436, 9.56839642494773;
 79.8549915495252, 9.574819689622562;
 79.95555619944315, 9.581178967860822;
 80.05612485523514, 9.587474577841206;
 80.15669745671566, 9.593706837806259;
 80.25727394430381, 9.599876066061416;
 80.35785425902023, 9.605982580974054;
 80.45843834248414, 9.61202670097255;
 80.55902613691033, 9.618008744545353;
 80.65961758510612, 9.623929030240065;
 80.76021263046836, 9.629787876662528;
 80.86081121698042, 9.635585602475921;
 80.9614132892092, 9.641322526399868;
 81.06201879230206, 9.64699896720956;
 81.16262767198384, 9.652615243734875;
 81.26323987455386, 9.658171674859515;
 81.36385534688284, 9.663668579520154;
 81.46447403640995, 9.669106276705584;
 81.56509589113973, 9.674485085455887;
 81.66572085963909, 9.679805324861597;
 81.76634889103431, 9.68506731406289;
 81.86697993500798, 9.690271372248764;
 81.96761394179598, 9.695417818656248;
 82.06825086218447, 9.700506972569597;
 82.16889064750684, 9.705539153319517;
 82.2695332496407, 9.710514680282385;
 82.37017862100484, 9.715433872879485;
 82.4708267145562, 9.720297050576246;
 82.57147748378682, 9.725104532881497;
 82.67213088272087, 9.729856639346725;
 82.77278686591151, 9.734553689565336;
 82.87344538843797, 9.739196003171941;
 82.97410640590243, 9.743783899841631;
 83.07476987442702, 9.748317699289276;
 83.17543575065078, 9.752797721268818;
 83.27610399172659, 9.757224285572592;
 83.37677455531818, 9.761597712030632;
 83.47744739959707, 9.765918320510002;
 83.5781224832395, 9.770186430914125;
 83.67879976542344, 9.77440236318213;
 83.7794792058255, 9.778566437288198;
 83.88016076461791, 9.782678973240918;
 83.98084440246548, 9.786740291082655;
 84.08153008052254, 9.790750710888922;
 84.18221776042991, 9.794710552767763;
 84.28290740431181, 9.798620136859135;
 84.3835989747729, 9.802479783334313;
 84.48429243489512, 9.806289812395287;
 84.58498774823477, 9.810050544274176;
 84.68568487881932, 9.81376229923265;
 84.78638379114446, 9.817425397561351;
 84.88708445017103, 9.821040159579333;
 84.98778682132195, 9.824606905633496;
 85.08849087047918, 9.828125956098045;
 85.18919656398064, 9.831597631373935;
 85.28990386861723, 9.83502225188834;
 85.39061275162968, 9.838400138094128;
 85.49132318070555, 9.84173161046933;
 85.59203512397619, 9.84501698951663;
 85.69274855001365, 9.848256595762855;
 85.79346342782763, 9.851450749758479;
 85.89417972686245, 9.854599772077119;
 85.99489741699394, 9.857703983315059;
 86.09561646852644, 9.860763704090759;
 86.19633685218973, 9.863779255044394;
 86.29705853913592, 9.866750956837374;
 86.39778150093646, 9.869679130151894;
 86.49850570957904, 9.872564095690478;
 86.59923113746454, 9.875406174175529;
 86.69995775740398, 9.878205686348892;
 86.80068554261544, 9.880962952971423;
 86.90141446672101, 9.883678294822557;
 87.00214450374372, 9.88635203269989;
 87.1028756281045, 9.888984487418762;
 87.20360781461909, 9.891575979811858;
 87.304341038495, 9.894126830728794;
 87.40507527532841, 9.896637361035731;
 87.50581050110118, 9.899107891614984;
 87.6065466921777, 9.901538743364633;
 87.70728382530187, 9.903930237198154;
 87.80802187759404, 9.906282694044046;
 87.90876082654795, 9.908596434845464;
 88.0095006500276, 9.910871780559862;
 88.1102413262643, 9.913109052158639;
 88.21098283385348, 9.915308570626793;
 88.31172515175172, 9.91747065696258;
 88.41246825927362, 9.919595632177176;
 88.51321213608878, 9.921683817294349;
 88.61395676221871, 9.923735533350136;
 88.71470211803374, 9.925751101392523;
 88.81544818425002, 9.927730842481129;
 88.91619494192636, 9.929675077686905;
 89.01694237246126, 9.93158412809183;
 89.11769045758976, 9.933458314788608;
 89.2184391793804, 9.935297958880385;
 89.31918852023217, 9.93710338148046;
 89.41993846287144, 9.938874903712001;
 89.52068899034886, 9.940612846707778;
 89.62144008603629, 9.942317531609882;
 89.72219173362377, 9.94398927956947;
 89.82294391711643, 9.945628411746496;
 89.92369662083142, 9.947235249309463;
 90.02444982939481, 9.948810113435171;
 90.12520352773858, 9.950353325308466;
 90.2259577010975, 9.95186520612201;
 90.32671233500606, 9.953346077076038;
 90.42746741529547, 9.95479625937813;
 90.52822292809046, 9.956216074242983;
 90.62897885980634, 9.957605842892194;
 90.72973519714584, 9.958965886554038;
 90.83049192709608, 9.960296526463262;
 90.93124903692548, 9.961598083860871;
 91.03200651418069, 9.962870879993929;
 91.13276434668356, 9.964115236115362;
 91.23352252252799, 9.965331473483756;
 91.33428103007691, 9.966519913363179;
 91.4350398579592, 9.967680877022985;
 91.53579899506661, 9.968814685737637;
 91.63655843055071, 9.969921660786531;
 91.73731815381977, 9.971002123453818;
 91.83807815453574, 9.972056395028243;
 91.93883842261111, 9.973084796802974;
 92.03959894820595, 9.974087650075441;
 92.14035972172469, 9.975065276147182;
 92.24112073381319, 9.976017996323691;
 92.34188197535555, 9.976946131914264;
 92.44264343747112, 9.977850004231858;
 92.54340511151136, 9.978729934592947;
 92.64416698905683, 9.979586244317384;
 92.74492906191406, 9.98041925472827;
 92.84569132211254, 9.981229287151818;
 92.94645376190157, 9.982016662917232;
 93.04721637374722, 9.982781703356578;
 93.14797915032931, 9.983524729804666;
 93.24874208453822, 9.984246063598933;
 93.34950516947194, 9.984946026079332;
 93.4502683984329, 9.985624938588217;
 93.55103176492494, 9.986283122470242;
 93.65179526265025, 9.986920899072253;
 93.75255888550626, 9.987538589743188;
 93.85332262758259, 9.988136515833984;
 93.95408648315794, 9.988714998697477;
 94.05485044669706, 9.989274359688311;
 94.15561451284768, 9.989814920162857;
 94.25637867643738, 9.990337001479118;
 94.35714293247057, 9.990840924996654;
 94.45790727612537, 9.991327012076498;
 94.55867170275059, 9.991795584081082;
 94.6594362078626, 9.992246962374159;
 94.7602007871423, 9.992681468320736;
 94.86096543643201, 9.993099423287003;
 94.96173015173243, 9.993501148640265;
 95.06249492919952, 9.99388696574888;
 95.16325976514146, 9.994257195982199;
 95.26402465601559, 9.994612160710505;
 95.36478959842529, 9.994952181304956;
 95.46555458911692, 9.995277579137536;
 95.56631962497677, 9.995588675580994;
 95.66708470302795, 9.995885792008801;
 95.76784982042736, 9.996169249795104;
 95.86861497446256, 9.996439370314674;
 95.96938016254873, 9.996696474942869;
 96.0701453822256, 9.996940885055588;
 96.17091063115437, 9.997172922029236;
 96.2716759071146, 9.997392907240682;
 96.37244120800116, 9.997601162067229;
 96.47320653182119, 9.997798007886576;
 96.57397187669098, 9.997983766076789;
 96.6747372408329, 9.998158758016269;
 96.77550262257233, 9.998323305083723;
 96.87626802033462, 9.998477728658143;
 96.97703343264195, 9.998622350118772;
 97.0777988581103, 9.998757490845089;
 97.17856429544635, 9.998883472216779;
 97.27932974344445, 9.999000615613719;
 97.38009520098348, 9.999109242415956;
 97.48086066702382, 9.999209674003689;
 97.58162614060429, 9.999302231757252;
 97.682391620839, 9.9993872370571;
 97.78315710691436, 9.999465011283794;
 97.88392259808595, 9.99953587581799;
 97.98468809367546, 9.999600152040422;
 98.08545359306764, 9.999658161331897;
 98.18621909570719, 9.999710225073281;
 98.28698460109568, 9.999756664645494;
 98.38775010878854, 9.999797801429498;
 98.48851561839189, 9.999833956806292;
 98.58928112955952, 9.999865452156907;
 98.69004664198985, 9.999892608862398;
 98.79081215542277, 9.99991574830384;
 98.89157766963662, 9.999935191862324;
 98.9923431844451, 9.999951260918953;
 99.09310869969421, 9.999964276854842;
 99.19387421525916, 9.99997456105111;
 99.29463973104127, 9.999982434888883;
 99.39540524696497, 9.999988219749291;
 99.49617076297464, 9.999992237013464;
 99.59693627903158, 9.999994808062535;
 99.69770179511095, 9.999996254277638;
 99.79846731119864, 9.999996897039907;
 99.89923282728826, 9.999997057730473;
 99.99999834337801, 9.999997057730473]
